0001	1	23	-0.5	-0.5	-1	0	99
0002	1	24	-0.5	-0.5	-1	0	99
0003	1	26	-0.5	-0.5	-1	0	99
0004	1	22	-0.5	-0.5	-1	0	99
0005	1	24	-0.5	-0.5	-1	0	99
0006	1	35	-0.5	-0.5	-1	0	99
0007	1	18	-0.5	-0.5	-1	0	99
0008	1	22	-0.5	-0.5	-1	0	99
0009	1	18	-0.5	-0.5	-1	0	99
0010	1	25	-0.5	-0.5	-1	0	99
0011	1	45	-0.5	-0.5	-1	0	99
0012	1	19	-0.5	-0.5	-1	0	99
0013	1	19	-0.5	-0.5	-1	0	99
0014	1	19	-0.5	-0.5	-1	0	99
0015	1	28	-0.5	-0.5	-1	0	99
0016	1	36	-0.5	-0.5	-1	0	99
0017	1	42	-0.5	-0.5	-1	0	99
0018	1	28	-0.5	-0.5	-1	0	99
0019	1	41	-0.5	-0.5	-1	0	99
0020	1	29	-0.5	0.5	1	0.330882353	0
0021	1	18	-0.5	-0.5	0	0.154411765	0
0022	1	21	-0.5	-0.5	0	0.308823529	0
0023	1	19	-0.5	-0.5	0	0.294117647	0
0024	1	25	-0.5	0.5	1	0.5	0
0025	1	23	-0.5	-0.5	0	0.183823529	0
0027	1	37	-0.5	0.5	1	0.330882353	0
0028	1	23	-0.5	0.5	1	0.492647059	0
0029	1	20	-0.5	-0.5	0	0.169117647	0
0030	1	32	-0.5	0.5	1	0.286764706	0
0031	1	26	-0.5	-0.5	0	0.095588235	0
0032	1	18	-0.5	0.5	1	0.485294118	0
0033	1	44	-0.5	0.5	1	0.257352941	0
0035	1	20	-0.5	-0.5	0	0.102941176	0
0036	1	41	-0.5	0.5	1	0.558823529	0
0037	1	23	-0.5	-0.5	0	0.132352941	0
0038	1	24	-0.5	-0.5	0	0.088235294	0
0039	1	23	-0.5	-0.5	0	0.139705882	0
0040	1	19	-0.5	-0.5	0	0.264705882	0
0042	2	33	-0.5	0.5	1	0.470588235	0
0043	2	19	-0.5	-0.5	0	0.117647059	0
0044	2	48	-0.5	-0.5	0	0.196078431	0
0045	2	25	-0.5	0.5	1	0.470588235	0
0046	2	47	-0.5	-0.5	0	0.117647059	1
0047	2	28	-0.5	0.5	1	0.529411765	0
0048	2	44	-0.5	-0.5	-1	0	99
0049	2	47	-0.5	-0.5	0	0.078431373	0
0050	2	30	-0.5	0.5	1	0.509803922	1
0051	2	23	-0.5	-0.5	0	0.196078431	1
0052	2	23	-0.5	-0.5	0	0.156862745	1
0053	2	32	-0.5	0.5	1	0.411764706	1
0054	2	37	-0.5	-0.5	0	0.019607843	1
0055	2	36	-0.5	0.5	1	0.980392157	0
0056	2	49	-0.5	-0.5	0	0.058823529	1
0057	2	27	-0.5	0.5	1	0.254901961	1
0058	2	27	-0.5	-0.5	0	0.37254902	0
0059	2	40	-0.5	0.5	1	0.411764706	0
0060	2	33	-0.5	-0.5	0	0.058823529	0
0061	2	45	-0.5	0.5	1	0.37254902	1
0062	2	42	-0.5	-0.5	0	0	0
0063	2	32	-0.5	0.5	1	0.647058824	0
0064	2	49	-0.5	0.5	1	0.294117647	0
0065	2	34	-0.5	-0.5	0	0.176470588	0
0066	2	34	-0.5	0.5	1	0.431372549	0
0067	2	18	-0.5	0.5	1	0.392156863	0
0068	2	35	-0.5	-0.5	0	0.019607843	0
0069	2	46	-0.5	-0.5	0	0.098039216	1
0070	2	21	-0.5	-0.5	0	0.254901961	1
0071	2	31	-0.5	-0.5	0	0.145833333	1
0072	2	45	-0.5	-0.5	0	0	0
0073	2	32	-0.5	-0.5	0	0.156862745	0
0074	2	48	-0.5	-0.5	0	0.117647059	0
0075	2	43	-0.5	0.5	1	0.509803922	0
0076	2	27	-0.5	0.5	1	0.666666667	0
0077	2	27	-0.5	0.5	1	0.176470588	1
0078	2	31	-0.5	-0.5	0	0.137254902	0
0079	2	36	-0.5	-0.5	0	0	0
0080	2	23	-0.5	-0.5	0	0	1
0081	2	29	-0.5	0.5	1	0.392156863	0
0082	2	43	-0.5	0.5	1	0.490196078	0
0083	2	34	-0.5	-0.5	0	0.039215686	1
0084	2	24	-0.5	-0.5	0	0.294117647	1
0085	2	30	-0.5	-0.5	0	0.156862745	1
0086	2	50	-0.5	-0.5	0	0.117647059	1
0087	2	40	-0.5	-0.5	0	0.078431373	0
0088	2	31	-0.5	-0.5	0	0.078431373	0
0089	2	42	-0.5	-0.5	0	0	1
0090	2	50	-0.5	-0.5	0	0.254901961	0
0091	2	30	-0.5	-0.5	0	0.019607843	1
0092	2	42	-0.5	-0.5	0	0	0
0093	2	31	-0.5	-0.5	0	0.058823529	0
0094	2	32	-0.5	0.5	1	0.392156863	1
0095	2	48	-0.5	-0.5	0	0.549019608	1
0096	2	25	-0.5	-0.5	0	0.039215686	1
0097	2	29	-0.5	-0.5	0	0.215686275	0
0098	2	26	-0.5	-0.5	0	0.058823529	1
0099	2	49	-0.5	-0.5	0	0.078431373	0
0100	2	44	-0.5	0.5	0	0.392156863	0
0101	2	25	-0.5	-0.5	0	0.058823529	1
0102	2	32	-0.5	-0.5	0	0.039215686	0
0103	2	29	-0.5	-0.5	0	0	1
0104	2	33	-0.5	-0.5	0	0.058823529	1
0105	2	35	-0.5	0.5	1	0.254901961	0
0106	2	39	-0.5	0.5	1	0.607843137	1
0107	2	27	-0.5	-0.5	0	0.274509804	0
0108	2	34	-0.5	-0.5	0	0.137254902	0
0109	2	28	-0.5	0.5	1	0.705882353	0
0110	2	29	-0.5	-0.5	0	0	1
0111	2	22	-0.5	-0.5	0	0.254901961	1
0112	2	28	-0.5	-0.5	0	0.156862745	1
0113	2	25	-0.5	0.5	1	0.588235294	0
0114	2	27	-0.5	-0.5	0	0.31372549	0
0115	2	27	-0.5	0.5	1	0.862745098	0
0116	2	36	-0.5	-0.5	0	0.058823529	1
0117	2	44	-0.5	0.5	1	0.705882353	0
0118	2	37	-0.5	-0.5	0	0.490196078	0
0119	2	29	-0.5	-0.5	0	0.039215686	0
0120	2	32	-0.5	-0.5	0	0.176470588	1
0121	2	44	-0.5	-0.5	0	0	0
0122	2	45	-0.5	-0.5	0	0.215686275	1
0123	2	28	-0.5	-0.5	0	0.117647059	0
0124	2	34	-0.5	-0.5	0	0	1
0125	2	37	-0.5	0.5	1	0.235294118	0
0126	2	27	-0.5	0.5	1	0.352941176	0
0130	3	50	-0.5	0.5	1	0.7375	0
0133	3	31	-0.5	0.5	1	0.65	0
0134	3	32	-0.5	0.5	1	0.6625	0
0135	3	46	-0.5	0.5	1	0.5625	0
0136	3	43	-0.5	-0.5	0	0	1
0137	3	30	-0.5	-0.5	0	0	1
0138	3	37	-0.5	-0.5	0	0	0
0139	3	45	-0.5	0.5	1	0.5125	0
0140	3	37	-0.5	-0.5	0	0	1
0141	3	21	-0.5	0.5	1	0.425	0
0142	3	25	-0.5	-0.5	0	0	1
0143	3	37	-0.5	-0.5	0	0	1
0144	3	22	-0.5	-0.5	-1	0	99
0145	3	37	-0.5	-0.5	-1	0	99
0146	3	22	-0.5	-0.5	0	0	1
0147	3	26	-0.5	0.5	1	0.8625	0
0148	3	33	-0.5	0.5	1	0.5125	0
0149	3	22	-0.5	0.5	1	0.475	1
0150	3	21	-0.5	0.5	1	0.3625	0
0151	3	23	-0.5	0.5	1	0.55	0
0152	3	45	-0.5	0.5	1	0.475	0
0153	3	30	-0.5	0.5	1	0.6625	0
0154	3	24	-0.5	0.5	1	0.7625	0
0155	3	28	-0.5	0.5	1	0.825	0
0156	3	33	-0.5	0.5	1	0.55	0
0157	3	18	-0.5	0.5	1	0.55	0
0158	3	27	-0.5	0.5	1	0.8	1
0159	3	43	-0.5	-0.5	0	0	1
0160	3	35	-0.5	-0.5	0	0.0125	1
0161	3	37	-0.5	0.5	1	0.7	0
0162	3	19	-0.5	0.5	1	0.675	1
0163	3	27	-0.5	0.5	1	0.7125	0
0164	3	41	-0.5	-0.5	0	0	1
0165	3	31	-0.5	0.5	1	0.625	0
0166	3	22	-0.5	-0.5	0	0	1
0167	3	49	-0.5	0.5	1	0.55	0
0168	3	29	-0.5	0.5	1	0.625	0
0169	3	39	-0.5	-0.5	0	0.4125	1
0170	3	28	-0.5	0.5	1	0.775	0
0171	3	36	-0.5	0.5	1	0.5	0
0172	3	45	-0.5	0.5	1	0.8875	0
0173	3	29	-0.5	0.5	1	0.55	0
0174	3	31	-0.5	0.5	1	0.75	0
0176	3	39	-0.5	0.5	1	0.95	1
0177	3	22	-0.5	-0.5	0	0.025	1
0178	3	29	-0.5	0.5	1	0.275	1
0179	3	19	-0.5	0.5	1	0.5375	1
0180	3	24	-0.5	0.5	1	0.8	1
0181	3	50	-0.5	-0.5	-1	0	99
0182	3	18	-0.5	0.5	1	0.75	0
0183	3	27	-0.5	0.5	1	0.65	0
0184	3	28	-0.5	0.5	1	0.5875	0
0185	3	26	-0.5	0.5	1	0.7375	0
0186	3	41	-0.5	0.5	1	0.475	0
0187	3	24	-0.5	0.5	1	0.675	0
0188	3	29	-0.5	0.5	1	0.5625	0
0190	3	18	-0.5	0.5	1	0.4875	1
0193	3	20	-0.5	-0.5	0	0.0125	1
0194	3	25	-0.5	-0.5	0	0.0625	0
0195	3	18	-0.5	-0.5	0	0	1
0196	3	22	-0.5	-0.5	0	0.0125	1
0197	3	33	-0.5	-0.5	0	0	1
0198	3	23	-0.5	-0.5	0	0	1
0199	3	22	-0.5	-0.5	0	0	1
0257	5	38	-0.5	0.5	1	0.675	0
0258	5	21	-0.5	0.5	1	0.4375	0
0259	5	42	-0.5	0.5	1	0.3625	0
0260	5	45	-0.5	0.5	1	0.6875	0
0261	5	30	-0.5	0.5	1	0.7125	0
0262	5	47	-0.5	0.5	1	0.5	0
0263	5	42	-0.5	0.5	1	0.5125	0
0264	5	26	-0.5	0.5	1	0.5375	0
0265	5	38	-0.5	0.5	1	0.6625	0
0266	5	50	-0.5	0.5	1	0.6	0
0267	5	35	-0.5	0.5	1	0.6125	0
0268	5	31	-0.5	0.5	1	0.225	0
0269	5	42	-0.5	0.5	1	0.85	0
0270	5	40	-0.5	0.5	1	0.5625	0
0271	5	42	-0.5	0.5	1	0.6625	0
0272	5	32	-0.5	0.5	1	0.4	0
0273	5	36	-0.5	0.5	1	0.5625	0
0274	5	49	-0.5	0.5	1	0.4125	0
0275	5	36	-0.5	0.5	1	0.3875	0
0276	5	25	-0.5	0.5	1	0.5875	0
0277	5	39	-0.5	0.5	1	0.7	0
0278	5	40	-0.5	0.5	1	0.4125	0
0279	5	39	-0.5	0.5	1	0.75	0
0280	5	42	-0.5	0.5	1	0.75	0
0281	5	37	-0.5	0.5	1	0.4125	0
0282	5	45	-0.5	0.5	1	0.7625	0
0283	6	27	-0.5	0.5	1	0.825	0
0284	6	22	-0.5	0.5	1	0.375	0
0285	6	36	-0.5	0.5	1	0.0875	0
0286	6	22	-0.5	0.5	1	0.5875	0
0287	6	30	-0.5	0.5	1	0.525	0
0288	6	29	-0.5	0.5	1	0.3375	0
0289	6	43	-0.5	0.5	1	0.45	0
0290	6	23	-0.5	0.5	1	0.5125	0
0291	6	25	-0.5	0.5	1	0.3875	0
0292	6	45	-0.5	0.5	1	0.475	0
0293	6	29	-0.5	0.5	1	0.3375	0
0294	6	31	-0.5	0.5	1	0.5125	0
0295	6	33	-0.5	0.5	1	0.7125	0
0296	6	26	-0.5	0.5	1	0.675	0
0297	6	28	-0.5	0.5	1	0.675	0
0298	6	46	-0.5	0.5	1	0.7625	0
0299	6	27	-0.5	0.5	1	0.5125	0
0300	6	27	-0.5	0.5	1	0.525	0
0301	6	37	-0.5	0.5	1	0.7375	0
0302	6	34	-0.5	0.5	1	0.4375	0
0303	6	35	-0.5	0.5	1	0.5	0
0304	6	21	-0.5	0.5	1	0.5875	0
0305	6	22	-0.5	0.5	1	0.7	0
0306	6	38	-0.5	0.5	1	0.575	0
0307	6	24	-0.5	0.5	1	0.725	0
0308	6	27	-0.5	0.5	1	0.4875	0
0309	6	24	-0.5	0.5	1	0.5125	0
0310	6	49	-0.5	0.5	1	0.525	0
0311	6	21	-0.5	0.5	1	0.3625	0
0312	6	39	-0.5	0.5	1	0.3875	0
0313	6	22	-0.5	0.5	1	0.7375	0
0314	6	30	-0.5	0.5	1	0.3	0
0315	6	50	-0.5	0.5	1	0.6125	0
0316	6	30	-0.5	0.5	1	0.925	0
0317	6	27	-0.5	0.5	1	0.5125	0
0318	6	28	-0.5	0.5	1	0.225	0
0319	6	44	-0.5	0.5	1	0.625	0
0320	6	24	-0.5	0.5	1	0.325	0
0321	6	24	-0.5	0.5	1	0.4125	0
0322	6	48	-0.5	0.5	1	0.5625	0
0323	6	38	-0.5	0.5	1	0.4875	0
0324	6	22	-0.5	0.5	1	0.3625	0
0325	6	22	-0.5	0.5	1	0.0375	0
0326	6	41	-0.5	-0.5	-1	0	99
0327	6	22	-0.5	-0.5	-1	0.05	99
0328	6	22	-0.5	-0.5	-1	0	99
0329	6	38	-0.5	0.5	1	0.375	0
0330	6	23	-0.5	-0.5	-1	0.025	99
0331	6	26	-0.5	-0.5	-1	0.0125	99
0332	6	29	-0.5	-0.5	-1	0	99
0333	6	36	-0.5	-0.5	-1	0	99
0334	6	32	-0.5	-0.5	-1	0	99
0335	6	42	-0.5	-0.5	-1	0	99
0336	6	46	-0.5	-0.5	-1	0	99
0337	6	35	-0.5	-0.5	-1	0.0875	99
0338	5	33	-0.5	0.5	1	0.8	0
0339	5	25	-0.5	0.5	1	0.85882353	0
0340	5	34	-0.5	0.5	1	0.74117647	0
0341	5	27	-0.5	0.5	1	0.35294118	0
0342	5	25	-0.5	0.5	1	0.85882353	0
0343	5	26	-0.5	0.5	1	0.21176471	0
0344	5	43	-0.5	0.5	1	0.75294118	0
0345	5	27	-0.5	0.5	1	0.81176471	0
0346	5	30	-0.5	0.5	1	0.90588235	0
0347	5	43	-0.5	0.5	1	0.87058824	0
0348	5	25	-0.5	-0.5	-1	0.24705882	99
0349	5	31	-0.5	0.5	1	0.56470588	0
0350	5	46	-0.5	-0.5	-1	0.2	99
0351	5	28	-0.5	-0.5	-1	0.22352941	99
0352	5	37	-0.5	0.5	1	0.70588235	0
0353	5	33	-0.5	-0.5	-1	0.2	99
0354	5	29	-0.5	0.5	1	0.65882353	0
0355	5	33	-0.5	-0.5	-1	0.2	99
0356	5	22	-0.5	0.5	1	0.82352941	0
0357	5	26	-0.5	-0.5	-1	0.23529412	99
0358	5	39	-0.5	-0.5	-1	0.21176471	99
0359	5	20	-0.5	-0.5	-1	0.2	99
0360	5	28	-0.5	-0.5	-1	0.29411765	99
0361	5	35	-0.5	0.5	1	0.50588235	0
0362	5	41	-0.5	-0.5	-1	0.28235294	99
0363	7	33	-0.5	0.5	1	0.455882353	0
0364	7	49	-0.5	0.5	1	0.610294118	0
0365	7	28	-0.5	0.5	1	0.529411765	0
0366	7	26	-0.5	0.5	1	0.448529412	0
0367	7	32	-0.5	0.5	1	0.544117647	1
0368	7	33	-0.5	0.5	1	0.433823529	0
0369	7	33	-0.5	0.5	1	0.529411765	1
0370	7	50	-0.5	0.5	1	0.419117647	0
0371	7	31	-0.5	0.5	1	0.419117647	0
0372	7	50	-0.5	0.5	1	0.433823529	0
0373	7	30	-0.5	0.5	1	0.551470588	1
0374	7	44	-0.5	0.5	1	0.492647059	0
0375	7	47	-0.5	0.5	1	0.602941176	0
0376	7	23	-0.5	0.5	1	0.536764706	0
0377	7	38	-0.5	0.5	1	0.485294118	0
0378	7	31	-0.5	0.5	1	0.654411765	0
0379	7	26	-0.5	0.5	1	0.529411765	0
0380	7	35	-0.5	0.5	1	0.477941176	0
0381	7	30	-0.5	0.5	1	0.536764706	0
0383	7	25	-0.5	0.5	1	0.367647059	0
0384	7	36	-0.5	0.5	1	0.360294118	0
0385	7	23	-0.5	0.5	1	0.455882353	1
0386	7	28	-0.5	0.5	1	0.485294118	1
0387	7	44	-0.5	0.5	1	0.316176471	1
0388	7	32	-0.5	0.5	1	0.536764706	0
0389	7	47	-0.5	0.5	1	0.514705882	0
0390	7	36	-0.5	0.5	1	0.397058824	0
0391	7	40	-0.5	0.5	1	0.433823529	0
0392	7	44	-0.5	0.5	1	0.661764706	1
0393	7	48	-0.5	0.5	1	0.610294118	1
0394	7	43	-0.5	0.5	1	0.352941176	0
0395	7	48	-0.5	0.5	1	0.426470588	0
0445	9	28	0.5	-0.5	-1	0.029411765	99
0446	9	26	0.5	-0.5	-1	0.198529412	99
0447	9	22	0.5	-0.5	-1	0.029411765	99
0448	9	50	0.5	-0.5	-1	0.110294118	99
0449	9	48	0.5	-0.5	-1	0	99
0450	9	32	0.5	-0.5	-1	0.227941176	99
0451	9	42	0.5	-0.5	-1	0.029411765	99
0452	9	32	0.5	-0.5	-1	0.029411765	99
0453	9	23	0.5	-0.5	-1	0.036764706	99
0454	9	43	0.5	-0.5	-1	0	99
0457	9	24	0.5	-0.5	-1	0	99
0458	9	22	0.5	-0.5	-1	0.125	99
0459	9	35	0.5	-0.5	-1	0.036764706	99
0460	9	23	0.5	-0.5	-1	0	99
0461	9	37	0.5	-0.5	-1	0.125	99
0462	9	28	0.5	-0.5	-1	0.014705882	99
0465	9	28	0.5	-0.5	-1	0	99
0466	9	34	0.5	-0.5	-1	0.117647059	99
0467	9	26	0.5	0.5	1	0.411764706	-1
0468	9	27	0.5	0.5	1	0.558823529	-1
0469	9	26	0.5	0.5	1	0.735294118	-1
0470	9	24	0.5	0.5	1	0.639705882	-1
0474	9	48	0.5	0.5	1	0.610294118	-1
0475	9	22	0.5	0.5	1	0.551470588	-1
0476	9	26	0.5	0.5	1	0.676470588	-1
0477	9	26	0.5	0.5	1	0.654411765	-1
0478	9	49	0.5	0.5	1	0.698529412	-1
0479	9	29	0.5	0.5	1	0.595588235	-1
0480	9	27	0.5	0.5	1	0.470588235	-1
0481	9	28	0.5	0.5	1	0.573529412	-1
0482	9	33	0.5	0.5	1	0.647058824	-1
0483	9	36	0.5	0.5	1	0.691176471	-1
0484	9	40	0.5	0.5	1	0.470588235	-1
0485	9	29	0.5	0.5	1	0.580882353	-1
0486	9	34	0.5	0.5	1	0.661764706	-1
0487	9	27	0.5	0.5	1	0.330882353	-1
0488	9	38	0.5	0.5	1	0.367647059	-1
0489	9	47	0.5	0.5	1	0.397058824	-1
0490	9	35	0.5	0.5	1	0.382352941	-1
0491	9	29	0.5	0.5	1	0.514705882	-1
0492	9	29	0.5	0.5	1	0.463235294	-1
0493	9	31	0.5	0.5	1	0.514705882	-1
0494	9	23	0.5	0.5	1	0.669117647	-1
0495	9	22	0.5	0.5	1	0.617647059	-1
0496	9	32	0.5	0.5	1	0.419117647	-1
0497	9	25	0.5	0.5	1	0.301470588	-1
0498	9	42	0.5	0.5	1	0.397058824	-1
0499	9	31	0.5	0.5	1	0.389705882	-1
0500	9	23	0.5	0.5	1	0.507352941	-1
0501	9	30	0.5	0.5	1	0.323529412	-1
0502	9	33	0.5	0.5	1	0.397058824	-1
0503	9	25	0.5	0.5	1	0.492647059	-1
0504	9	32	0.5	0.5	1	0.404411765	-1
0505	9	43	0.5	0.5	1	0.470588235	-1
0506	9	26	0.5	0.5	1	0.419117647	-1
0507	9	24	0.5	0.5	1	0.426470588	-1
0508	10	30	-0.5	-0.5	-1	0	99
0509	10	24	0.5	-0.5	-1	0	99
0510	10	25	-0.5	-0.5	-1	0	99
0511	10	42	0.5	-0.5	-1	0	99
0512	10	29	0.5	-0.5	-1	0	99
0513	10	20	0.5	-0.5	-1	0	99
0514	10	21	-0.5	-0.5	-1	0	99
0515	10	22	-0.5	-0.5	-1	0	99
0516	10	25	-0.5	-0.5	-1	0	99
0517	10	21	-0.5	-0.5	-1	0	99
0518	10	18	-0.5	-0.5	-1	0	99
0519	10	22	-0.5	-0.5	-1	0	99
0520	10	25	-0.5	-0.5	-1	0	99
0521	10	22	-0.5	-0.5	-1	0	99
0522	10	24	-0.5	-0.5	-1	0	99
0523	10	30	-0.5	-0.5	-1	0	99
0524	10	23	-0.5	-0.5	-1	0	99
0525	10	19	-0.5	-0.5	-1	0	99
0526	10	23	-0.5	-0.5	-1	0	99
0527	10	27	-0.5	-0.5	-1	0	99
0528	10	24	0.5	-0.5	-1	0	99
0529	10	27	-0.5	-0.5	-1	0	99
0530	10	20	0.5	-0.5	-1	0	99
0531	10	21	0.5	-0.5	-1	0	99
0532	10	23	-0.5	-0.5	-1	0	99
0533	10	26	0.5	-0.5	-1	0	99
0534	10	26	0.5	-0.5	-1	0	99
0535	10	22	-0.5	0.5	1	0.197916667	0
0536	10	23	-0.5	0.5	1	0.270833333	0
0537	10	46	-0.5	0.5	1	0.125	0
0538	10	19	-0.5	0.5	1	0.260416667	0
0539	10	19	-0.5	0.5	1	0.3125	0
0540	10	23	-0.5	0.5	1	0.1875	0
0541	10	29	-0.5	0.5	1	0.364583333	0
0542	10	38	-0.5	0.5	1	0.09375	0
0543	10	29	-0.5	0.5	1	0.104166667	0
0544	10	30	-0.5	0.5	1	0.322916667	0
0545	10	35	-0.5	0.5	1	0.302083333	0
0546	10	24	-0.5	0.5	1	0.385416667	0
0547	10	26	-0.5	0.5	1	0.208333333	0
0548	10	22	-0.5	0.5	1	0.072916667	0
0549	10	21	-0.5	0.5	1	0.302083333	0
0550	10	22	-0.5	0.5	1	0.15625	0
0551	10	26	-0.5	0.5	1	0.28125	0
0674	14	46	0.5	-0.5	0	0.058823529	-1
0675	14	33	0.5	-0.5	0	0	-1
0676	14	26	0.5	-0.5	0	0.066176471	-1
0677	14	48	0.5	-0.5	0	0.154411765	-1
0678	14	35	0.5	-0.5	0	0.036764706	-1
0679	14	35	0.5	0.5	1	0.463235294	-1
0680	14	42	0.5	-0.5	0	0.308823529	-1
0681	14	26	0.5	-0.5	0	0.257352941	-1
0682	14	30	0.5	0.5	1	0.529411765	-1
0683	14	27	0.5	0.5	1	0.514705882	-1
0684	14	40	0.5	-0.5	0	0	-1
0685	14	27	0.5	-0.5	0	0.198529412	-1
0686	14	26	0.5	0.5	1	0.323529412	-1
0687	14	28	0.5	-0.5	0	0.198529412	-1
0688	14	28	0.5	-0.5	0	0.294117647	-1
0689	14	25	0.5	-0.5	0	0.242647059	-1
0690	14	29	0.5	-0.5	0	0.044117647	-1
0691	14	33	0.5	-0.5	0	0.227941176	-1
0692	14	30	0.5	-0.5	0	0.029411765	-1
0693	14	22	0.5	-0.5	0	0.191176471	-1
0694	14	22	0.5	-0.5	0	0.345588235	-1
0695	14	27	0.5	-0.5	0	0.022058824	-1
0696	14	46	-0.5	-0.5	0	0	-1
0697	14	26	0.5	-0.5	0	0.198529412	-1
0698	14	26	0.5	0.5	1	0.301470588	-1
0699	14	25	0.5	0.5	1	0.470588235	-1
0700	14	22	0.5	0.5	1	0.573529412	-1
0701	14	27	0.5	-0.5	0	0.308823529	-1
0702	14	36	0.5	-0.5	0	0.338235294	-1
0703	14	27	0.5	0.5	1	0.419117647	-1
0704	14	29	0.5	0.5	1	0.661764706	-1
0705	14	26	0.5	-0.5	0	0.485294118	-1
0706	14	33	0.5	0.5	1	0.345588235	-1
0707	14	42	0.5	0.5	1	0.588235294	-1
0708	14	26	0.5	0.5	1	0.411764706	-1
0709	14	31	0.5	0.5	1	0.389705882	-1
0710	14	36	0.5	-0.5	0	0.316176471	-1
0711	14	28	0.5	-0.5	0	0.301470588	-1
0712	14	26	0.5	-0.5	0	0	-1
0713	14	25	0.5	-0.5	0	0.044117647	-1
0714	14	38	0.5	0.5	1	0.441176471	-1
0715	14	25	0.5	-0.5	0	0.029411765	-1
0716	14	46	0.5	0.5	1	0.551470588	-1
0717	14	28	0.5	-0.5	0	0.257352941	-1
0718	14	28	0.5	0.5	1	0.352941176	-1
0719	14	32	-0.5	0.5	1	0.595588235	-1
0720	14	30	-0.5	0.5	1	0.492647059	-1
0721	14	25	-0.5	0.5	1	0.647058824	-1
0722	14	29	0.5	-0.5	0	0.352941176	-1
0723	14	26	0.5	-0.5	0	0.272058824	-1
0724	14	30	0.5	-0.5	0	0.029411765	-1
0725	14	32	0.5	-0.5	0	0.073529412	-1
0726	14	25	0.5	-0.5	0	0	-1
0727	14	26	0.5	-0.5	0	0.073529412	-1
0728	14	32	0.5	-0.5	0	0.066176471	-1
0729	14	39	0.5	-0.5	0	0.147058824	-1
0730	14	42	0.5	-0.5	0	0.051470588	-1
0731	14	28	0.5	-0.5	0	0.029411765	-1
0732	15	29	0.5	-0.5	0	0.073529412	1
0733	15	28	0.5	-0.5	0	0	1
0734	15	37	0.5	-0.5	0	0.029411765	1
0735	15	45	0.5	-0.5	0	0	1
0736	15	38	0.5	-0.5	0	0.073529412	1
0737	15	40	0.5	-0.5	0	0	1
0738	15	30	0.5	-0.5	0	0.102941176	1
0739	15	32	0.5	-0.5	0	0	1
0740	15	34	0.5	-0.5	0	0.029411765	1
0741	15	33	0.5	-0.5	0	0.014705882	1
0742	15	49	0.5	-0.5	0	0.088235294	1
0743	15	28	0.5	-0.5	0	0.014705882	1
0744	15	45	0.5	-0.5	0	0.088235294	1
0745	15	33	0.5	-0.5	0	0.058823529	1
0746	15	43	-0.5	-0.5	0	0.044117647	1
0747	15	28	-0.5	-0.5	0	0.014705882	1
0748	15	24	-0.5	-0.5	0	0.066176471	1
0749	15	38	-0.5	-0.5	0	0.080882353	1
0750	15	39	-0.5	-0.5	0	0.058823529	1
0751	15	47	-0.5	-0.5	0	0	1
0752	15	26	-0.5	-0.5	0	0.036764706	1
0753	15	37	-0.5	-0.5	0	0	1
0754	15	48	-0.5	-0.5	0	0	1
0755	15	40	-0.5	-0.5	0	0	1
0756	15	48	-0.5	-0.5	0	0.014705882	1
0757	15	26	-0.5	-0.5	0	0.036764706	1
0758	15	39	-0.5	-0.5	0	0	1
0759	15	34	-0.5	-0.5	0	0.029411765	1
0761	15	33	-0.5	-0.5	0	0.036764706	1
0762	15	29	-0.5	-0.5	0	0.102941176	1
0763	15	41	0.5	0.5	1	0.426470588	1
0764	15	31	0.5	0.5	1	0.375	1
0765	15	45	0.5	0.5	1	0.492647059	1
0766	15	29	0.5	0.5	1	0.448529412	1
0767	15	40	0.5	0.5	1	0.742647059	1
0768	15	48	0.5	0.5	1	0.588235294	1
0769	15	39	0.5	0.5	1	0.455882353	1
0770	15	32	0.5	0.5	1	0.5	1
0771	15	34	0.5	0.5	1	0.625	1
0772	15	36	0.5	0.5	1	0.713235294	1
0773	15	30	0.5	0.5	1	0.345588235	1
0774	15	32	0.5	0.5	1	0.382352941	1
0775	15	36	0.5	0.5	1	0.397058824	1
0776	15	22	-0.5	0.5	1	0.536764706	1
0777	15	46	-0.5	0.5	1	0.602941176	1
0778	15	27	-0.5	0.5	1	0.338235294	1
0779	15	33	-0.5	0.5	1	0.558823529	1
0780	15	41	-0.5	0.5	1	0.617647059	1
0781	15	39	-0.5	0.5	1	0.485294118	1
0782	15	44	-0.5	0.5	1	0.595588235	1
0783	15	39	-0.5	0.5	1	0.522058824	1
0784	15	37	-0.5	0.5	1	0.529411765	1
0785	15	49	-0.5	0.5	1	0.492647059	1
0786	15	36	-0.5	0.5	1	0.492647059	1
0787	15	25	-0.5	0.5	1	0.352941176	1
0788	15	27	-0.5	0.5	1	0.514705882	1
0789	15	48	-0.5	0.5	1	0.529411765	1
0790	15	31	-0.5	0.5	1	0.375	1
0791	16	24.8	-0.5	-0.5	0	0.1625	1
0792	16	20.9	-0.5	-0.5	0	0.325	1
0793	16	21.7	-0.5	-0.5	0	0.1	0
0794	16	25.6	0.5	0.5	1	0.325	1
0795	16	44.6	-0.5	-0.5	0	0.0875	1
0796	16	36.2	0.5	-0.5	0	0.325	1
0797	16	32.2	0.5	0.5	1	0.2875	1
0798	16	19.2	0.5	-0.5	0	0.2	1
0799	16	23.1	0.5	-0.5	0	0.0125	1
0800	16	22.3	0.5	-0.5	0	0.2625	1
0801	16	41.9	-0.5	-0.5	0	0.025	1
0802	16	18.3	-0.5	-0.5	0	0	0
0803	16	23.7	0.5	-0.5	0	0.0125	1
0804	16	22.9	-0.5	0.5	1	0.325	1
0805	16	32.7	-0.5	-0.5	0	0.2625	1
0806	16	24.7	0.5	0.5	1	0.3625	0
0807	16	36	-0.5	0.5	1	0.475	1
0808	16	26.9	-0.5	-0.5	0	0.2	1
0809	16	19.3	-0.5	0.5	1	0.2375	1
0810	16	33.9	-0.5	0.5	1	0.475	1
0811	16	40.4	-0.5	-0.5	0	0.025	1
0812	16	26.4	-0.5	-0.5	0	0.1	1
0813	16	32.9	-0.5	-0.5	0	0.125	1
0814	16	44.7	0.5	-0.5	0	0.0375	1
0815	16	34.3	0.5	0.5	1	0.7875	1
0816	16	39.4	0.5	-0.5	0	0.1	1
0817	16	21	0.5	-0.5	0	0.225	1
0818	16	24.3	0.5	-0.5	0	0.15	1
0819	16	27.9	-0.5	0.5	1	0.4625	1
0820	16	30.3	0.5	-0.5	0	0.15	1
0821	16	37	-0.5	-0.5	0	0.15	1
0822	16	41.3	0.5	-0.5	0	0.1625	1
0823	16	41.7	-0.5	-0.5	0	0.0125	1
0824	16	21.3	0.5	0.5	1	0.425	1
0825	16	48.5	-0.5	-0.5	0	0.025	1
0826	16	24.9	-0.5	-0.5	0	0.1	1
0827	16	22.1	0.5	-0.5	0	0.5375	1
0828	16	32.4	0.5	0.5	1	0.2625	1
0829	16	38.6	-0.5	-0.5	0	0.1625	1
0830	16	24.4	-0.5	-0.5	0	0.1875	1
0831	16	30.7	0.5	-0.5	0	0	1
0832	16	32.6	-0.5	-0.5	0	0.075	1
0833	16	35.6	-0.5	-0.5	0	0.1125	1
0834	16	48.6	-0.5	0.5	1	0.5375	0
0835	16	29	0.5	-0.5	0	0.0375	1
0836	16	49.6	0.5	-0.5	0	0.125	1
0837	16	36	-0.5	-0.5	0	0.0625	1
0838	16	50.3	-0.5	-0.5	0	0.1	1
0839	16	38.9	0.5	-0.5	0	0.275	1
0840	16	37	-0.5	-0.5	0	0.0875	0
0841	16	25.7	-0.5	-0.5	0	0.0125	0
0842	16	51.6	-0.5	-0.5	0	0.325	1
0843	16	43.7	-0.5	0.5	1	0.3125	1
0844	16	41.5	-0.5	-0.5	0	0	1
0845	16	22.3	-0.5	-0.5	0	0.025	1
0846	16	32.1	-0.5	0.5	1	0.375	0
0847	16	27.5	-0.5	-0.5	0	0.1625	1
0848	16	22.8	0.5	0.5	1	0.2875	1
0849	16	27.6	-0.5	-0.5	0	0.1	1
0850	16	21.9	0.5	-0.5	0	0.0375	1
0851	16	47.2	0.5	-0.5	0	0	0
0852	16	46.7	0.5	-0.5	0	0.2	1
0853	16	33.7	-0.5	-0.5	0	0.4125	1
0854	16	19.4	0.5	-0.5	0	0.175	0
0855	16	21.4	-0.5	-0.5	0	0.025	0
0856	16	32.8	-0.5	-0.5	0	0.1125	0
0857	16	31.6	-0.5	-0.5	0	0.05	1
0858	16	22.5	0.5	-0.5	0	0	0
0859	16	39.8	-0.5	-0.5	0	0.025	1
0860	16	32.5	0.5	-0.5	0	0.025	1
0861	16	45.6	-0.5	-0.5	0	0.05	1
0862	16	39.4	-0.5	0.5	1	0.325	1
0863	16	37.3	-0.5	0.5	1	0.35	1
0864	16	32	0.5	-0.5	0	0.025	1
0865	16	23.6	-0.5	-0.5	0	0.175	0
0866	16	24.8	0.5	-0.5	0	0.1125	1
0867	16	22.3	0.5	-0.5	0	0	1
0868	16	18.9	0.5	-0.5	0	0	1
0928	18	29	0.5	0.5	1	0.352941176	-1
0929	18	43	0.5	0.5	1	0.529411765	-1
0930	18	43	0.5	0.5	1	0.411764706	-1
0931	18	29	0.5	0.5	1	0.529411765	-1
0932	18	26	0.5	0.5	1	0.470588235	-1
0933	18	46	0.5	0.5	1	0.279411765	-1
0934	18	32	0.5	-0.5	0	0.183823529	-1
0935	18	24	0.5	-0.5	0	0	-1
0936	18	27	0.5	-0.5	0	0	-1
0937	18	28	0.5	0.5	1	0.470588235	-1
0938	18	23	0.5	-0.5	0	0	-1
0939	18	28	0.5	0.5	1	0.544117647	-1
0940	18	32	0.5	-0.5	0	0.198529412	-1
0941	18	33	-0.5	-0.5	0	0.338235294	-1
0942	18	26	0.5	0.5	1	0.595588235	-1
0943	18	25	0.5	-0.5	0	0	-1
0944	18	43	0.5	-0.5	0	0.051470588	-1
0945	18	43	0.5	0.5	1	0.558823529	-1
0946	18	28	0.5	-0.5	0	0.242647059	-1
0947	18	41	0.5	-0.5	0	0.147058824	-1
0948	18	41	0.5	-0.5	0	0.235294118	-1
0949	18	49	0.5	0.5	1	0.536764706	-1
0950	18	30	0.5	-0.5	0	0.308823529	-1
0951	18	47	0.5	-0.5	0	0.095588235	-1
0952	18	26	0.5	0.5	1	0.448529412	-1
0953	18	36	0.5	-0.5	0	0.198529412	-1
0954	18	42	0.5	-0.5	0	0	-1
0955	18	37	0.5	0.5	1	0.382352941	-1
0956	18	29	0.5	-0.5	0	0	-1
0957	18	46	0.5	0.5	1	0.375	-1
0958	18	42	0.5	-0.5	0	0	-1
0959	18	32	0.5	0.5	1	0.441176471	-1
0960	18	33	0.5	0.5	1	0.727941176	-1
0961	18	28	0.5	-0.5	0	0.198529412	-1
0962	18	37	0.5	-0.5	0	0	-1
0963	18	33	0.5	0.5	1	0.455882353	-1
0964	18	42	0.5	-0.5	0	0	-1
0965	18	31	0.5	-0.5	0	0	-1
0966	18	27	-0.5	-0.5	0	0.272058824	-1
0967	18	24	-0.5	-0.5	0	0.073529412	-1
0968	18	25	0.5	0.5	1	0.441176471	-1
0969	18	39	0.5	-0.5	0	0	-1
0970	18	25	0.5	0.5	1	0.463235294	-1
0971	18	39	0.5	0.5	1	0.580882353	-1
0972	18	28	0.5	-0.5	0	0	-1
0973	18	39	0.5	0.5	1	0.397058824	-1
0974	18	41	0.5	-0.5	0	0.036764706	-1
0975	18	26	0.5	0.5	1	0.389705882	-1
0976	18	40	0.5	-0.5	0	0.095588235	-1
0977	18	28	0.5	0.5	1	0.455882353	-1
0978	18	25	-0.5	-0.5	0	0.25	-1
0979	18	28	0.5	0.5	1	0.455882353	-1
0980	18	35	0.5	-0.5	0	0	-1
0981	18	28	0.5	0.5	1	0.294117647	-1
0982	18	22	0.5	0.5	1	0.529411765	-1
0983	18	23	0.5	0.5	1	0.338235294	-1
0984	18	27	0.5	0.5	1	0.272058824	-1
0985	18	24	0.5	0.5	1	0.573529412	-1
0986	18	23	0.5	0.5	1	0.580882353	-1
0988	18	25	0.5	0.5	1	0.397058824	-1
0991	18	23	0.5	0.5	1	0.455882353	-1
0992	18	29	0.5	-0.5	0	0.117647059	-1
0993	18	27	0.5	-0.5	0	0.242647059	-1
0994	18	45	0.5	-0.5	0	0.213235294	-1
0995	18	44	0.5	-0.5	0	0.470588235	-1
0996	18	29	0.5	0.5	1	0.308823529	-1
0997	18	32	-0.5	-0.5	0	0	-1
0998	18	43	0.5	0.5	1	0.426470588	-1
0999	18	35	0.5	0.5	1	0.411764706	-1
1000	20	47.4	-0.5	0.5	1	0.566176471	1
1001	20	20.30136986	-0.5	0.5	1	0.514705882	1
1002	20	33.41	-0.5	0.5	1	0.558823529	0
1003	20	39.2	-0.5	0.5	1	0.470588235	1
1004	20	26.01917808	-0.5	0.5	1	0.676470588	0
1005	20	43.41643836	-0.5	0.5	1	0.573529412	0
1006	20	43	0.5	0.5	1	0.485294118	1
1007	20	35.6109589	0.5	0.5	1	0.514705882	-1
1008	20	25.04109589	0.5	0.5	1	0.786764706	0
1009	20	32.35890411	0.5	0.5	1	0.441176471	0
1010	20	23.56986301	0.5	0.5	1	0.602941176	-1
1011	20	43.08767123	0.5	0.5	1	0.397058824	1
1012	20	25.10958904	0.5	0.5	1	0.507352941	0
1013	20	23.49315068	-0.5	0.5	1	0.448529412	0
1014	20	34.46	-0.5	0.5	1	0.544117647	0
1015	20	29.65205479	-0.5	0.5	1	0.404411765	0
1016	20	46.44383562	-0.5	0.5	1	0.544117647	0
1017	20	33.65753425	0.5	0.5	1	0.713235294	0
1018	20	31.76164384	-0.5	0.5	1	0.522058824	0
1019	20	33.11506849	-0.5	0.5	1	0.566176471	0
1020	20	37.48493151	-0.5	0.5	1	0.602941176	0
1021	20	33.6109589	0.5	0.5	1	0.352941176	-1
1022	20	40.05205479	-0.5	0.5	1	0.441176471	0
1023	20	34.27945205	-0.5	0.5	1	0.411764706	0
1024	20	28.23835616	0.5	0.5	1	0.507352941	-1
1025	20	46.70410959	-0.5	0.5	1	0.338235294	0
1026	20	42.5369863	0.5	0.5	1	0.345588235	1
1027	20	30.75068493	-0.5	0.5	1	0.492647059	0
1028	20	23.08767123	-0.5	0.5	1	0.367647059	0
1029	20	26.67945205	-0.5	0.5	1	0.558823529	-1
1030	20	35.67945205	-0.5	0.5	1	0.382352941	1
1031	20	25.5260274	-0.5	0.5	1	0.691176471	0
1032	20	49.55616438	-0.5	0.5	1	0.323529412	1
1033	20	23.89589041	-0.5	0.5	1	0.411764706	0
1034	20	42.02191781	-0.5	0.5	1	0.536764706	0
1035	20	34.34520548	-0.5	0.5	1	0.404411765	0
1036	20	30.12876712	-0.5	0.5	1	0.316176471	0
1037	20	23.62	0.5	0.5	1	0.316176471	0
1038	20	35	0.5	0.5	1	0.529411765	0
1039	20	39	0.5	0.5	1	0.536764706	1
1040	20	48	0.5	0.5	1	0.602941176	1
1041	20	41	0.5	0.5	1	0.558823529	-1
1042	20	36	-0.5	0.5	1	0.514705882	0
1043	20	28	0.5	0.5	1	0.514705882	-1
1044	20	29	0.5	0.5	1	0.5	-1
1045	20	28	0.5	0.5	1	0.536764706	-1
1046	20	37	0.5	0.5	1	0.389705882	0
1047	20	21.58	0.5	-0.5	0	0.036764706	-1
1048	20	42.99	0.5	-0.5	0	0.014705882	-1
1049	20	25.72	0.5	-0.5	0	0.044117647	-1
1050	20	21.34	0.5	-0.5	0	0	-1
1051	20	21	0.5	-0.5	0	0	-1
1052	20	38	0.5	-0.5	0	0.029411765	-1
1053	20	29.15	-0.5	-0.5	0	0	-1
1054	20	19.51	0.5	-0.5	0	0.080882353	-1
1055	20	29.03	0.5	-0.5	0	0	-1
1056	20	20.99	-0.5	-0.5	0	0	-1
1057	20	21.01	0.5	-0.5	0	0.066176471	-1
1058	20	36.38	-0.5	-0.5	0	0	-1
1059	20	32.1	-0.5	-0.5	0	0	-1
1060	20	40.96986301	-0.5	-0.5	0	0	-1
1061	20	41.36438356	-0.5	-0.5	0	0	-1
1062	20	41.82	-0.5	-0.5	0	0	-1
1063	20	39	0.5	-0.5	0	0	-1
1064	20	41	0.5	-0.5	0	0.066176471	-1
1065	20	45	0.5	-0.5	0	0.044117647	-1
1066	20	44	-0.5	-0.5	0	0.036764706	-1
1067	20	26	-0.5	-0.5	0	0	-1
1068	20	49	-0.5	-0.5	0	0.014705882	-1
1069	20	22	-0.5	-0.5	0	0	-1
1070	20	36	-0.5	-0.5	0	0	-1
1071	21	33	0.5	-0.5	-1	0.125	999
1072	21	23	0.5	0.5	0	0.551470588	999
1073	21	46	0.5	0.5	0	0.514705882	999
1074	21	45	0.5	0.5	0	0.595588235	999
1075	21	37	0.5	-0.5	-1	0	999
1076	21	50	0.5	0.5	0	0.448529412	999
1077	21	43	0.5	0.5	0	0.536764706	999
1078	21	35	0.5	0.5	0	0.735294118	999
1079	21	43	0.5	0.5	0	0.419117647	999
1080	21	24	0.5	0.5	0	0.727941176	999
1081	21	37	0.5	-0.5	-1	0	999
1083	21	37	0.5	-0.5	-1	0	999
1084	21	39	0.5	-0.5	-1	0	999
1085	21	39	0.5	0.5	0	0.595588235	999
1086	21	33	-0.5	0.5	0	0.595588235	999
1087	21	18	0.5	-0.5	-1	0	999
1088	21	47	0.5	0.5	0	0.367647059	999
1089	21	20	-0.5	0.5	0	0.4625	999
1090	21	50	0.5	0.5	0	0.275	999
1091	21	48	-0.5	0.5	0	0.5	999
1092	21	20	0.5	-0.5	-1	0	999
1093	21	48	0.5	0.5	0	0.4125	999
1094	21	48	-0.5	0.5	0	0.5875	999
1095	21	20	-0.5	0.5	0	0.5875	999
1096	21	51	-0.5	-0.5	-1	0	999
1097	21	26	0.5	-0.5	-1	0.014705882	999
1098	21	39	-0.5	-0.5	-1	0	999
1099	21	30	-0.5	-0.5	-1	0	999
1100	21	44	-0.5	0.5	0	0.3	999
1101	21	21	-0.5	0.5	0	0.4625	999
1102	21	37	-0.5	-0.5	-1	0	999
1103	21	22	-0.5	0.5	0	0.4875	999
1104	21	22	0.5	-0.5	-1	0.029411765	999
1105	21	28	0.5	-0.5	-1	0	999
1106	21	30	-0.5	0.5	0	0.426470588	999
1109	21	46	-0.5	0.5	0	0.551470588	999
1110	21	35	-0.5	0.5	0	0.433823529	999
1111	21	21	-0.5	0.5	0	0.5	999
1112	21	43	-0.5	0.5	0	0.735294118	999
1113	21	20	-0.5	0.5	0	0.691176471	999
1114	21	21	-0.5	0.5	0	0.448529412	999
1115	21	24	-0.5	0.5	0	0.455882353	999
1116	21	45	0.5	0.5	0	0.397058824	999
1117	21	26	-0.5	0.5	0	0.382352941	999
1119	21	23	-0.5	0.5	0	0.727941176	999
1121	21	48	-0.5	0.5	0	0.4	999
1123	21	33	-0.5	0.5	0	0.4125	999
1124	21	41	-0.5	0.5	0	0.525	999
1125	21	30	-0.5	0.5	0	0.525	999
1126	21	48	-0.5	0.5	0	0.6375	999
1127	21	41	-0.5	0.5	0	0.5	999
1128	21	31	-0.5	0.5	0	0.3625	999
1129	21	47	0.5	0.5	0	0.325	999
1130	21	50	0.5	0.5	0	0.5125	999
1131	21	39	-0.5	0.5	0	0.5625	999
1132	21	50	-0.5	0.5	0	0.35	999
1133	21	39	0.5	0.5	0	0.625	999
1134	21	49	0.5	0.5	0	0.525	999
1135	21	49	0.5	0.5	0	0.5875	999
1136	21	29	0.5	0.5	0	0.575	999
1137	21	45	-0.5	0.5	0	0.6375	999
1138	21	31	-0.5	0.5	0	0.525	999
1139	21	21	-0.5	0.5	0	0.6	999
1140	21	38	0.5	0.5	0	0.6	999
1142	21	22	-0.5	0.5	0	0.575	999
1144	21	20	-0.5	0.5	0	0.525	999
1145	21	32	-0.5	-0.5	-1	0	999
1146	21	45	-0.5	-0.5	-1	0	999
1147	21	25	-0.5	-0.5	-1	0	999
1148	21	39	-0.5	-0.5	-1	0	999
1149	21	38	-0.5	0.5	0	0.610294118	999
1150	21	23	-0.5	0.5	0	0.735294118	999
1151	21	25	-0.5	0.5	0	0.411764706	999
1152	21	28	-0.5	0.5	0	0.602941176	999
1153	21	30	-0.5	-0.5	-1	0	999
1154	21	21	-0.5	0.5	0	0.588235294	999
1155	21	33	-0.5	0.5	0	0.441176471	999
1158	21	26	-0.5	0.5	0	0.5	999
1159	21	23	-0.5	0.5	0	0.485294118	999
1160	21	37	-0.5	0.5	0	0.404411765	999
1161	21	48	-0.5	0.5	0	0.661764706	999
1162	21	22	-0.5	0.5	0	0.375	999
1163	21	21	-0.5	-0.5	-1	0	999
1164	21	33	-0.5	-0.5	-1	0	999
1165	21	36	-0.5	0.5	0	0.367647059	999
1166	21	19	-0.5	-0.5	-1	0	999
1167	21	22	-0.5	-0.5	-1	0	999
1168	21	47	-0.5	-0.5	-1	0	999
1169	21	26	-0.5	-0.5	-1	0	999
1170	21	32	-0.5	0.5	0	0.602941176	999
1171	21	18	-0.5	-0.5	-1	0	999
1172	21	21	-0.5	-0.5	-1	0	999
1173	21	18	-0.5	0.5	0	0.558823529	999
1174	21	25	-0.5	0.5	0	0.580882353	999
1175	21	40	-0.5	0.5	0	0.639705882	999
1176	21	26	-0.5	-0.5	-1	0	999
1177	21	30	-0.5	0.5	0	0.625	999
1178	21	45	-0.5	0.5	0	0.492647059	999
1179	21	49	-0.5	0.5	0	0.566176471	999
1180	21	25	-0.5	-0.5	-1	0	999
1181	21	25	-0.5	-0.5	-1	0	999
1182	21	50	-0.5	0.5	0	0.455882353	999
1183	21	25	0.5	0.5	0	0.470588235	999
1184	21	33	-0.5	-0.5	-1	0	999
1185	21	40	-0.5	0.5	0	0.676470588	999
1186	21	21	-0.5	0.5	0	0.566176471	999
1187	21	23	-0.5	-0.5	-1	0	999
1188	21	21	-0.5	-0.5	-1	0	999
1189	21	23	0.5	0.5	0	0.411764706	999
1190	21	18	0.5	-0.5	-1	0	999
1191	21	26	0.5	-0.5	-1	0	999
1192	21	53	0.5	0.5	0	0.375	999
1193	21	40	0.5	0.5	0	0.411764706	999
1194	21	29	0.5	-0.5	-1	0	999
1195	21	27	0.5	-0.5	-1	0	999
1196	21	46	-0.5	0.5	0	0.522058824	999
1197	21	35	-0.5	0.5	0	0.529411765	999
1198	21	50	-0.5	0.5	0	0.610294118	999
1199	21	36	-0.5	0.5	0	0.536764706	999
1200	21	27	-0.5	-0.5	-1	0.066176471	999
1201	21	28	-0.5	0.5	0	0.367647059	999
1202	21	43	0.5	-0.5	-1	0	999
1203	21	45	0.5	0.5	0	0.463235294	999
1204	21	36	0.5	-0.5	-1	0	999
1205	21	36	0.5	0.5	0	0.639705882	999
1206	21	22	0.5	-0.5	-1	0	999
1207	21	40	0.5	0.5	0	0.544117647	999
1208	21	31	-0.5	-0.5	-1	0	999
1209	21	37	-0.5	-0.5	-1	0	999
1210	21	20	-0.5	-0.5	-1	0	999
1211	21	30	-0.5	-0.5	-1	0	999
1212	20	32	0.5	-0.5	-1	0	999
1213	20	44	-0.5	-0.5	0	0.102941176	999
1214	20	27	0.5	-0.5	0	0	999
1215	20	36	-0.5	-0.5	0	0.022058824	999
1216	20	35	-0.5	-0.5	0	0	999
1217	20	46	-0.5	-0.5	0	0.022058824	999
1218	20	26	-0.5	-0.5	0	0.044117647	999
1219	20	38	-0.5	-0.5	0	0	999
1220	20	22	-0.5	-0.5	0	0	999
1221	20	49	0.5	-0.5	-1	0	999
1222	20	46	0.5	-0.5	0	0.066176471	999
1223	20	28	0.5	-0.5	0	0	999
1224	20	38	0.5	-0.5	0	0	999
1225	20	19	0.5	-0.5	-1	0	999
1226	20	28	-0.5	-0.5	0	0	999
1227	20	36	0.5	-0.5	0	0	999
1228	20	55	0.5	-0.5	0	0	999
1229	20	25	0.5	-0.5	0	0.125	999
1230	20	18	-0.5	-0.5	0	0	999
1231	20	33	0.5	-0.5	0	0.044117647	999
1232	20	25	0.5	-0.5	0	0	999
1233	20	33	0.5	-0.5	0	0.044117647	999
1234	20	24	-0.5	-0.5	0	0.073529412	999
1235	20	31	-0.5	-0.5	0	0	999
1236	20	43	-0.5	-0.5	0	0.014705882	999
1237	20	30	-0.5	-0.5	0	0.051470588	999
1238	20	44	-0.5	-0.5	0	0	999
1239	20	24	-0.5	-0.5	0	0.022058824	999
1240	20	41	-0.5	-0.5	0	0	999
1241	20	22	-0.5	-0.5	0	0.125	999
1242	20	36	-0.5	0.5	0	0.602941176	999
1243	20	23	-0.5	0.5	0	0.426470588	999
1244	20	19	0.5	-0.5	0	0.154411765	999
1245	20	19	-0.5	-0.5	0	0.095588235	999
1246	20	26	-0.5	0.5	0	0.522058824	999
1247	20	30	-0.5	0.5	0	0.272058824	999
1248	20	24	-0.5	0.5	0	0.411764706	999
1249	20	28	-0.5	-0.5	0	0.360294118	999
1250	20	27	-0.5	0.5	0	0.632352941	999
1251	20	44	-0.5	0.5	0	0.338235294	999
1252	20	28	-0.5	0.5	0	0.764705882	999
1253	20	25	-0.5	0.5	0	0.448529412	999
1254	20	22	-0.5	0.5	0	0.536764706	999
1255	20	41	-0.5	-0.5	0	0.125	999
1256	20	45	-0.5	-0.5	-1	0.110294118	999
1257	20	47	-0.5	0.5	0	0.375	999
1258	20	21	-0.5	-0.5	0	0.095588235	999
1259	20	24	-0.5	-0.5	0	0.323529412	999
1260	20	20	-0.5	0.5	0	0.419117647	999
1261	20	22	-0.5	0.5	0	0.411764706	999
1262	20	24	-0.5	0.5	0	0.301470588	999
1263	20	26	-0.5	-0.5	0	0.235294118	999
1264	20	30	0.5	0.5	0	0.272058824	999
1265	20	23	-0.5	0.5	0	0.323529412	999
1266	20	25	-0.5	0.5	0	0.25	999
1267	20	24	-0.5	-0.5	0	0.132352941	999
1268	20	20	-0.5	-0.5	0	0.330882353	999
1269	20	47	0.5	0.5	0	0.477941176	999
1270	20	36	0.5	0.5	0	0.647058824	999
1271	20	21	-0.5	0.5	0	0.316176471	999
1272	22	19	0.5	-0.5	-1	0.282352941	99
1273	22	27	-0.5	-0.5	-1	0.211764706	99
1274	22	33	-0.5	-0.5	-1	0.235294118	99
1275	22	26	0.5	-0.5	-1	0.282352941	99
1276	22	26	-0.5	-0.5	-1	0.258823529	99
1277	22	35	0.5	-0.5	-1	0.282352941	99
1278	22	31	0.5	-0.5	-1	0.294117647	99
1279	22	33	0.5	-0.5	-1	0.352941176	99
1280	22	43	-0.5	-0.5	-1	0.329411765	99
1281	22	39	-0.5	-0.5	-1	0.282352941	99
1282	22	27	-0.5	-0.5	-1	0.305882353	99
1283	22	42	0.5	-0.5	-1	0.247058824	99
1284	22	50	0.5	-0.5	-1	0.235294118	99
1285	22	43	0.5	-0.5	-1	0.329411765	99
1286	22	46	-0.5	-0.5	-1	0.329411765	99
1287	22	24	-0.5	-0.5	-1	0.235294118	99
1288	22	29	0.5	-0.5	-1	0.2	99
1289	22	41	0.5	-0.5	-1	0.247058824	99
1290	22	40	-0.5	-0.5	-1	0.294117647	99
1291	22	30	-0.5	-0.5	-1	0.223529412	99
1292	22	27	-0.5	-0.5	-1	0.341176471	99
1293	22	23	0.5	-0.5	-1	0.235294118	99
1294	22	21	-0.5	-0.5	-1	0.223529412	99
1295	22	27	0.5	-0.5	-1	0.223529412	99
1296	22	43	0.5	-0.5	-1	0.270588235	99
1297	22	20	-0.5	-0.5	-1	0.247058824	99
1298	22	48	-0.5	-0.5	-1	0.211764706	99
1299	22	41	0.5	-0.5	-1	0.305882353	99
1300	22	33	-0.5	-0.5	-1	0.247058824	99
1301	22	19	0.5	-0.5	-1	0.258823529	99
1302	22	39	-0.5	-0.5	-1	0.247058824	99
1303	22	39	-0.5	-0.5	-1	0.223529412	99
1304	22	24	-0.5	-0.5	-1	0.282352941	99
1305	22	43	0.5	-0.5	-1	0.282352941	99
1306	22	32	-0.5	-0.5	-1	0.223529412	99
1307	22	45	-0.5	-0.5	-1	0.341176471	99
1308	22	39	0.5	-0.5	-1	0.341176471	99
1309	22	40	-0.5	-0.5	-1	0.235294118	99
1310	22	35	0.5	-0.5	-1	0.294117647	99
1311	22	18	-0.5	-0.5	-1	0.2	99
1312	22	39	0.5	-0.5	-1	0.270588235	99
1313	22	32	-0.5	-0.5	-1	0.282352941	99
1314	22	26	-0.5	-0.5	-1	0.352941176	99
1315	22	25	0.5	-0.5	-1	0.270588235	99
1316	22	25	0.5	-0.5	-1	0.247058824	99
1317	22	28	0.5	-0.5	-1	0.305882353	99
1318	22	50	-0.5	-0.5	-1	0.270588235	99
1319	22	40	-0.5	-0.5	-1	0.270588235	99
1320	22	36	0.5	-0.5	-1	0.247058824	99
1321	22	42	-0.5	-0.5	-1	0.270588235	99
1322	22	21	-0.5	-0.5	-1	0.235294118	99
1323	22	39	-0.5	-0.5	-1	0.2	99
1324	22	44	-0.5	-0.5	-1	0.305882353	99
1325	22	20	-0.5	-0.5	-1	0.352941176	99
1326	22	26	0.5	-0.5	-1	0.2	99
1327	22	33	-0.5	-0.5	-1	0.258823529	99
1328	22	34	-0.5	-0.5	-1	0.329411765	99
1329	22	43	0.5	-0.5	-1	0.270588235	99
1330	22	39	-0.5	-0.5	-1	0.211764706	99
1331	22	31	-0.5	-0.5	-1	0.329411765	99
1332	22	33	0.5	-0.5	-1	0.258823529	99
1333	22	40	0.5	-0.5	-1	0.317647059	99
1334	22	41	0.5	-0.5	-1	0.317647059	99
1396	24	23	-0.5	-0.5	0	0	1
1397	24	46	0.5	-0.5	0	0.2125	0
1398	24	19	-0.5	-0.5	-1	0	99
1399	24	32	-0.5	-0.5	-1	0	99
1400	24	29	-0.5	-0.5	-1	0	99
1401	24	21	-0.5	-0.5	-1	0	99
1402	24	31	0.5	-0.5	-1	0	99
1403	24	30	-0.5	-0.5	-1	0	99
1404	24	37	-0.5	-0.5	-1	0	99
1405	24	28	-0.5	-0.5	-1	0	99
1407	24	40	0.5	-0.5	-1	0	99
1408	24	26	0.5	-0.5	-1	0.1125	99
1538	27	31	0.5	0.5	1	0.575	-1
1542	27	30	0.5	0.5	1	0.525	-1
1549	27	39	0.5	-0.5	0	0	-1
1550	27	45	0.5	0.5	1	0.5	-1
1551	27	30	0.5	-0.5	0	0.025	-1
1552	27	37	0.5	-0.5	0	0.1625	-1
1553	27	26	0.5	-0.5	0	0	-1
1554	27	29	0.5	-0.5	0	0.1	-1
1556	27	27	0.5	-0.5	0	0.0375	-1
1557	27	50	0.5	-0.5	0	0.3	-1
1558	27	49	0.5	0.5	1	0.8125	-1
1559	27	28	0.5	0.5	1	0.75	-1
1560	27	34	-0.5	-0.5	0	0.1875	-1
1561	27	36	0.5	-0.5	0	0.2625	-1
1562	27	28	0.5	0.5	1	0.5625	-1
1563	27	50	0.5	-0.5	0	0.125	-1
1564	27	35	0.5	0.5	1	0.9125	-1
1565	27	44	0.5	0.5	1	0.8625	-1
1566	27	28	0.5	-0.5	0	0.4125	-1
1567	27	30	-0.5	0.5	1	0.55	-1
1568	27	45	0.5	-0.5	0	0.05	-1
1569	27	38	0.5	0.5	1	0.4875	-1
1570	27	34	0.5	0.5	1	0.775	-1
1571	27	40	0.5	0.5	1	0.975	-1
1572	27	45	0.5	-0.5	0	0.3	-1
1573	27	42	-0.5	0.5	1	0.55	-1
1574	27	37	0.5	-0.5	0	0.325	-1
1575	27	31	0.5	0.5	1	0.6625	-1
1576	27	31	0.5	0.5	1	0.6625	-1
1577	27	39	0.5	0.5	1	0.5125	-1
1578	27	33	0.5	0.5	1	0.55	-1
1579	27	48	0.5	0.5	1	0.8125	-1
1580	27	36	0.5	0.5	1	0.8	-1
1581	27	31	0.5	0.5	1	0.9375	-1
1582	27	45	0.5	0.5	1	0.7	-1
1583	27	36	0.5	0.5	1	0.725	-1
1584	27	38	0.5	0.5	1	0.575	-1
1585	27	34	0.5	0.5	1	0.7375	-1
